[gd_scene load_steps=12 format=3 uid="uid://cxgs6u5j1rofb"]

[ext_resource type="Script" path="res://Scripts/CameraController.cs" id="1_h6mgi"]
[ext_resource type="Script" path="res://Scripts/Characters/PlayerController.cs" id="1_uqjoj"]
[ext_resource type="PackedScene" uid="uid://cx33xsbaa0ahd" path="res://Models/Character/character_knight.tscn" id="2_lhv5y"]
[ext_resource type="PackedScene" uid="uid://rdxpmufdvnyp" path="res://Prefabs/inventory.tscn" id="4_5fww8"]
[ext_resource type="PackedScene" uid="uid://bnc68xxvljgok" path="res://Prefabs/HealthBar.tscn" id="5_4hc7f"]
[ext_resource type="PackedScene" uid="uid://niwr854fljap" path="res://Prefabs/spells_inventory.tscn" id="5_vccjy"]
[ext_resource type="FontFile" uid="uid://db1oqeggsj2ya" path="res://UI/Fonts/evil_empire/Evil Empire.otf" id="6_1u4it"]
[ext_resource type="PackedScene" uid="uid://dbc0p4ub50o3w" path="res://Prefabs/DialogBox.tscn" id="6_xplqp"]

[sub_resource type="CapsuleShape3D" id="CapsuleShape3D_cbobm"]

[sub_resource type="SeparationRayShape3D" id="SeparationRayShape3D_cqku2"]

[sub_resource type="LabelSettings" id="LabelSettings_6a4dm"]
font = ExtResource("6_1u4it")
font_size = 50

[node name="CharacterBody3D" type="CharacterBody3D" node_paths=PackedStringArray("mMovementDirection", "mAnimPlayer", "mDialogBox", "mInteractionCast", "mInteractionLabel", "mGroundCast", "mHealthBar", "mManaBar", "mStatBarContainer", "mInventoryPanel", "mLeftHand", "mRightHand", "mMagicSpawnPointAboveHead", "mMagicSpawnPointLeftHand", "MagicSlotOne", "MagicSlotTwo", "mSpellInventory") groups=["Friendly", "Player"]]
transform = Transform3D(1, 0, 0, 0, 1, 0, 0, 0, 1, 0, 0.0611852, 0)
collision_layer = 2
collision_mask = 2
axis_lock_angular_z = true
script = ExtResource("1_uqjoj")
mMovementSpeed = 200.0
mMovementDirection = NodePath("MoveDirection")
mJumpForce = 500.0
mAnimPlayer = NodePath("Character/Animated/AnimationPlayer")
mDialogBox = NodePath("Dialog")
mInteractionCast = NodePath("InteractionRaycast")
mInteractionLabel = NodePath("CanvasLayer/InteractLabel")
mGroundCast = NodePath("GroundedRaycast")
mHealthBar = NodePath("CanvasLayer/PlayerStatBar/TextureRect/HealthBar")
mManaBar = NodePath("CanvasLayer/PlayerStatBar/TextureRect/ManaBar")
mStatBarContainer = NodePath("CanvasLayer/PlayerStatBar")
mInventoryPanel = NodePath("CanvasLayer/Inventory")
mLeftHand = NodePath("Character/Animated/KayKit Animated Character2/Skeleton3D/HandSlotLeft")
mRightHand = NodePath("Character/Animated/KayKit Animated Character2/Skeleton3D/HandSlotRight")
mMagicSpawnPointAboveHead = NodePath("MagicAboveHead")
mMagicSpawnPointLeftHand = NodePath("Character/Animated/KayKit Animated Character2/Skeleton3D/HandSlotLeft/MagicLeftHand")
MagicSlotOne = NodePath("CanvasLayer/PlayerStatBar/SpellBar/SlotOne")
MagicSlotTwo = NodePath("CanvasLayer/PlayerStatBar/SpellBar/SlotTwo")
mSpellInventory = NodePath("CanvasLayer/Spells")

[node name="Character" parent="." instance=ExtResource("2_lhv5y")]
transform = Transform3D(-4.37114e-08, 0, 1, 0, 1, 0, -1, 0, -4.37114e-08, 0, 0.169725, 0)

[node name="Skeleton3D" parent="Character/Animated/KayKit Animated Character2" index="0"]
bones/0/position = Vector3(0, 0.00846121, 0)
bones/0/rotation = Quaternion(-0.0180536, 0.000359997, -0.00598167, 0.999819)
bones/1/rotation = Quaternion(-0.0314444, -0.000113885, 0.000497681, 0.999505)
bones/2/position = Vector3(0.14, 0.691598, -1.3027e-15)
bones/2/rotation = Quaternion(-0.617993, -0.181823, 0.73522, -0.210895)
bones/3/position = Vector3(1.04314e-15, 0.550922, 1.13735e-08)
bones/3/scale = Vector3(1, 1, 1)
bones/4/position = Vector3(-0.1638, 0.670041, 0.0347696)
bones/4/rotation = Quaternion(-0.73291, 0.363221, 0.573532, -0.0444247)
bones/5/position = Vector3(0.00631777, 0.557396, -0.00373494)
bones/5/rotation = Quaternion(0.33174, -0.392556, 0.587934, 0.624646)

[node name="Head" parent="Character/Animated/KayKit Animated Character2/Skeleton3D" index="1"]
transform = Transform3D(0.99994, 0.0108781, 0.00142609, -0.0109658, 0.995043, 0.0988402, -0.00034383, -0.0988499, 0.995102, 0.0085023, 0.719544, -0.0256922)

[node name="Body" parent="Character/Animated/KayKit Animated Character2/Skeleton3D" index="2"]
transform = Transform3D(0.999928, 0.0119482, 0.000935845, -0.0119742, 0.999277, 0.0360964, -0.000503882, -0.036105, 0.999348, 0, 0.00846121, 0)

[node name="ArmLeft" parent="Character/Animated/KayKit Animated Character2/Skeleton3D" index="3"]
transform = Transform3D(-0.149148, 0.524699, -0.83812, -0.119123, -0.850962, -0.51154, -0.981613, 0.0235444, 0.189423, 0.148253, 0.697883, -0.0250407)

[node name="ArmRight" parent="Character/Animated/KayKit Animated Character2/Skeleton3D" index="4"]
transform = Transform3D(0.0705298, -0.489722, -0.869021, -0.613071, -0.708509, 0.349511, -0.786873, 0.508121, -0.350206, -0.15575, 0.681234, 0.0106376)

[node name="HandSlotLeft" parent="Character/Animated/KayKit Animated Character2/Skeleton3D" index="5"]
transform = Transform3D(-0.986539, 0.149148, -0.0670523, -0.0493903, 0.119123, 0.99165, 0.15589, 0.981613, -0.110153, 0.437322, 0.229069, -0.0120695)

[node name="MagicLeftHand" type="Node3D" parent="Character/Animated/KayKit Animated Character2/Skeleton3D/HandSlotLeft" index="0"]

[node name="HandSlotRight" parent="Character/Animated/KayKit Animated Character2/Skeleton3D" index="6"]
transform = Transform3D(-0.997291, -0.0725683, 0.0120216, -0.0284095, 0.530748, 0.847054, -0.0678497, 0.844417, -0.531371, -0.425028, 0.281135, 0.290199)

[node name="CollisionShape3D" type="CollisionShape3D" parent="."]
transform = Transform3D(1, 0, 0, 0, 1, 0, 0, 0, 1, 0, 1.03552, 0)
shape = SubResource("CapsuleShape3D_cbobm")

[node name="CameraJoint" type="Node3D" parent="." node_paths=PackedStringArray("mCharacterObject", "mMovementDirectionObject")]
transform = Transform3D(0.999913, -0.0131769, 0, 0.0131769, 0.999913, 0, 0, 0, 1, 0, 1.56961, 0)
script = ExtResource("1_h6mgi")
mLookSensitivity = 50.0
mLookClampMin = -44.0
mLookClampMax = 25.0
mCharacterObject = NodePath("..")
mMovementDirectionObject = NodePath("../MoveDirection")

[node name="SpringArm3D" type="SpringArm3D" parent="CameraJoint"]
transform = Transform3D(-3.96344e-08, 0.421717, -0.906728, 1.84338e-08, 0.906728, 0.421717, 1, 0, -4.37114e-08, 0, 0, 0)
shape = SubResource("SeparationRayShape3D_cqku2")
spring_length = 5.0

[node name="Camera3D" type="Camera3D" parent="CameraJoint/SpringArm3D"]
transform = Transform3D(1, 1.04237e-08, -1.26109e-09, -1.04237e-08, 0.971151, -0.238466, -1.261e-09, 0.238466, 0.971151, 0.698779, -0.191362, 5.59386)

[node name="MoveDirection" type="Node3D" parent="."]

[node name="CanvasLayer" type="CanvasLayer" parent="."]

[node name="Inventory" parent="CanvasLayer" instance=ExtResource("4_5fww8")]
visible = false

[node name="Spells" parent="CanvasLayer" node_paths=PackedStringArray("mPlayer") instance=ExtResource("5_vccjy")]
visible = false
mPlayer = NodePath("../..")

[node name="PlayerStatBar" parent="CanvasLayer" instance=ExtResource("5_4hc7f")]

[node name="InteractLabel" type="Label" parent="CanvasLayer"]
visible = false
offset_left = 1750.0
offset_top = 1018.0
offset_right = 1913.0
offset_bottom = 1074.0
text = "Interact"
label_settings = SubResource("LabelSettings_6a4dm")

[node name="Dialog" parent="." instance=ExtResource("6_xplqp")]
visible = false

[node name="GroundedRaycast" type="RayCast3D" parent="."]
transform = Transform3D(1, 0, 0, 0, 1, 0, 0, 0, 1, 0, 0.0910622, 0)
target_position = Vector3(0, -0.12, 0)
collide_with_areas = true

[node name="InteractionRaycast" type="RayCast3D" parent="."]
transform = Transform3D(1, 0, 0, 0, 1, 0, 0, 0, 1, 0.527924, 1.27423, 0)
target_position = Vector3(3, 0, 0)

[node name="MagicAboveHead" type="Node3D" parent="."]
transform = Transform3D(1, 0, 0, 0, 1, 0, 0, 0, 1, 0, 2.96296, 0)

[editable path="Character"]
[editable path="Character/Animated"]
[editable path="CanvasLayer/PlayerStatBar"]
