[gd_scene load_steps=7 format=3 uid="uid://cxgs6u5j1rofb"]

[ext_resource type="Script" path="res://Scripts/CameraController.cs" id="1_h6mgi"]
[ext_resource type="Script" path="res://Scripts/Characters/PlayerController.cs" id="1_uqjoj"]
[ext_resource type="PackedScene" uid="uid://cx33xsbaa0ahd" path="res://Models/Character/character_knight.tscn" id="2_lhv5y"]
[ext_resource type="PackedScene" uid="uid://rdxpmufdvnyp" path="res://Prefabs/inventory.tscn" id="4_5fww8"]

[sub_resource type="CylinderShape3D" id="CylinderShape3D_wrgfb"]

[sub_resource type="SeparationRayShape3D" id="SeparationRayShape3D_cqku2"]

[node name="CharacterBody3D" type="CharacterBody3D" node_paths=PackedStringArray("mMovementDirection", "mAnimPlayer", "mInventoryPanel", "mLeftHand", "mRightHand") groups=["Player"]]
transform = Transform3D(1, 0, 0, 0, 1, 0, 0, 0, 1, 0, 0.0611852, 0)
script = ExtResource("1_uqjoj")
mMovementSpeed = 200.0
mMovementDirection = NodePath("MoveDirection")
mAnimPlayer = NodePath("Character/Animated/AnimationPlayer")
mInventoryPanel = NodePath("CanvasLayer/Inventory")
mLeftHand = NodePath("Character/Animated/KayKit Animated Character2/Skeleton3D/HandSlotLeft")
mRightHand = NodePath("Character/Animated/KayKit Animated Character2/Skeleton3D/HandSlotRight")

[node name="Character" parent="." instance=ExtResource("2_lhv5y")]
transform = Transform3D(-4.37114e-08, 0, 1, 0, 1, 0, -1, 0, -4.37114e-08, 0, 0.169725, 0)

[node name="Skeleton3D" parent="Character/Animated/KayKit Animated Character2" index="0"]
bones/0/rotation = Quaternion(0, 0, 0, 1)
bones/1/rotation = Quaternion(0, 0, 0, 1)
bones/2/rotation = Quaternion(-0.685863, -0.172023, 0.685863, -0.172022)
bones/4/rotation = Quaternion(-0.685863, 0.172023, 0.685863, 0.172023)
bones/5/rotation = Quaternion(0.36334, -0.36334, 0.606617, 0.606617)

[node name="Head" parent="Character/Animated/KayKit Animated Character2/Skeleton3D" index="1"]
transform = Transform3D(1, 0, 0, 0, 1, 0, 0, 0, 1, 0, 0.711598, 0)

[node name="Body" parent="Character/Animated/KayKit Animated Character2/Skeleton3D" index="2"]
transform = Transform3D(1, 0, 0, 0, 1, 0, 0, 0, 1, 0, 0, 0)

[node name="ArmLeft" parent="Character/Animated/KayKit Animated Character2/Skeleton3D" index="3"]
transform = Transform3D(-3.57628e-07, 0.471936, -0.881633, 1.35601e-06, -0.881633, -0.471936, -1, -1.35601e-06, -3.57628e-07, 0.14, 0.691598, -1.3027e-15)

[node name="ArmRight" parent="Character/Animated/KayKit Animated Character2/Skeleton3D" index="4"]
transform = Transform3D(0, -0.471937, -0.881632, 0, -0.881632, 0.471937, -1, 0, 0, -0.14, 0.691598, 8.40813e-15)

[node name="HandSlotLeft" parent="Character/Animated/KayKit Animated Character2/Skeleton3D" index="5"]
transform = Transform3D(-1, 3.57628e-07, 7.7486e-07, 7.7486e-07, -1.35601e-06, 1, 3.24652e-07, 1, 1.36428e-06, 0.4, 0.205887, -7.47053e-07)

[node name="HandSlotRight" parent="Character/Animated/KayKit Animated Character2/Skeleton3D" index="6"]
transform = Transform3D(-1, 0, 5.96046e-07, 5.96046e-07, 0, 1, 0, 1, 0, -0.4, 0.205887, 5.07587e-15)

[node name="CollisionShape3D" type="CollisionShape3D" parent="."]
transform = Transform3D(1, 0, 0, 0, 1, 0, 0, 0, 1, 0, 1.03552, 0)
shape = SubResource("CylinderShape3D_wrgfb")

[node name="CameraJoint" type="Node3D" parent="." node_paths=PackedStringArray("mCharacterObject", "mMovementDirectionObject")]
transform = Transform3D(0.999913, -0.0131769, 0, 0.0131769, 0.999913, 0, 0, 0, 1, 0, 1.56961, 0)
script = ExtResource("1_h6mgi")
mLookSensitivity = 50.0
mLookClampMin = -44.0
mLookClampMax = 25.0
mCharacterObject = NodePath("..")
mMovementDirectionObject = NodePath("../MoveDirection")

[node name="SpringArm3D" type="SpringArm3D" parent="CameraJoint"]
transform = Transform3D(-3.96344e-08, 0.421717, -0.906728, 1.84338e-08, 0.906728, 0.421717, 1, 0, -4.37114e-08, 0, 0, 0)
shape = SubResource("SeparationRayShape3D_cqku2")
spring_length = 5.0

[node name="Camera3D" type="Camera3D" parent="CameraJoint/SpringArm3D"]
transform = Transform3D(1, 1.04237e-08, -1.26109e-09, -1.04237e-08, 0.971151, -0.238466, -1.261e-09, 0.238466, 0.971151, 0.698779, -0.191362, 5.59386)

[node name="MoveDirection" type="Node3D" parent="."]

[node name="CanvasLayer" type="CanvasLayer" parent="."]

[node name="Inventory" parent="CanvasLayer" instance=ExtResource("4_5fww8")]
visible = false

[editable path="Character"]
[editable path="Character/Animated"]
