[gd_scene load_steps=7 format=3 uid="uid://cxgs6u5j1rofb"]

[ext_resource type="Script" path="res://Scripts/CameraController.cs" id="1_h6mgi"]
[ext_resource type="Script" path="res://Scripts/Characters/PlayerController.cs" id="1_uqjoj"]
[ext_resource type="PackedScene" uid="uid://cx33xsbaa0ahd" path="res://Models/Character/character_knight.tscn" id="2_lhv5y"]
[ext_resource type="PackedScene" uid="uid://rdxpmufdvnyp" path="res://Prefabs/inventory.tscn" id="4_5fww8"]

[sub_resource type="CylinderShape3D" id="CylinderShape3D_wrgfb"]

[sub_resource type="SeparationRayShape3D" id="SeparationRayShape3D_cqku2"]

[node name="CharacterBody3D" type="CharacterBody3D" node_paths=PackedStringArray("mInventoryPanel", "mLeftHand", "mRightHand", "mMovementDirection", "mAnimPlayer")]
transform = Transform3D(1, 0, 0, 0, 1, 0, 0, 0, 1, 0, 0.0611852, 0)
script = ExtResource("1_uqjoj")
mInventoryPanel = NodePath("CanvasLayer/Inventory")
mLeftHand = NodePath("Character/Animated/KayKit Animated Character2/Skeleton3D/HandSlotLeft")
mRightHand = NodePath("Character/Animated/KayKit Animated Character2/Skeleton3D/HandSlotRight")
mMovementSpeed = 200.0
mMovementDirection = NodePath("MoveDirection")
mAnimPlayer = NodePath("Character/Animated/AnimationPlayer")

[node name="Character" parent="." instance=ExtResource("2_lhv5y")]
transform = Transform3D(-4.37114e-08, 0, 1, 0, 1, 0, -1, 0, -4.37114e-08, 0, 0.169725, 0)

[node name="Skeleton3D" parent="Character/Animated/KayKit Animated Character2" index="0"]
bones/0/rotation = Quaternion(0, 0.0276761, 0, 0.999617)
bones/1/rotation = Quaternion(0.00443053, -0.0195097, -0.000449388, 0.9998)
bones/2/rotation = Quaternion(-0.685118, -0.172948, 0.68592, -0.17383)
bones/4/position = Vector3(-0.140071, 0.690497, 0.00486301)
bones/4/rotation = Quaternion(-0.664342, 0.186679, 0.702479, 0.174139)
bones/5/rotation = Quaternion(0.372877, -0.377078, 0.582074, 0.616413)

[node name="Head" parent="Character/Animated/KayKit Animated Character2/Skeleton3D" index="1"]
transform = Transform3D(0.999866, 0.00121577, 0.0163309, -0.00107147, 0.99996, -0.00884175, -0.016341, 0.00882306, 0.999828, 0, 0.711598, 0)

[node name="Body" parent="Character/Animated/KayKit Animated Character2/Skeleton3D" index="2"]
transform = Transform3D(0.998468, 0, 0.055331, 0, 1, 0, -0.055331, 0, 0.998468, 0, 0, 0)

[node name="ArmLeft" parent="Character/Animated/KayKit Animated Character2/Skeleton3D" index="3"]
transform = Transform3D(-0.0561234, 0.474769, -0.878319, -0.00148736, -0.879744, -0.475445, -0.998423, -0.0253772, 0.0500805, 0.139786, 0.691598, -0.00774634)

[node name="ArmRight" parent="Character/Animated/KayKit Animated Character2/Skeleton3D" index="4"]
transform = Transform3D(-0.111806, -0.490231, -0.864392, -0.00337943, -0.869653, 0.493652, -0.993724, 0.0581144, 0.0955759, -0.139587, 0.690497, 0.0126058)

[node name="HandSlotLeft" parent="Character/Animated/KayKit Animated Character2/Skeleton3D" index="5"]
transform = Transform3D(-0.998415, 0.0561234, -0.00406146, -0.00398424, 0.00148736, 0.999991, 0.056129, 0.998423, -0.00126143, 0.401346, 0.206928, -0.0217272)

[node name="HandSlotRight" parent="Character/Animated/KayKit Animated Character2/Skeleton3D" index="6"]
transform = Transform3D(-0.99523, 0.0720442, 0.0657816, 0.0641358, -0.0249275, 0.99763, 0.0735132, 0.99709, 0.020188, -0.409666, 0.211386, 0.0446223)

[node name="CollisionShape3D" type="CollisionShape3D" parent="."]
transform = Transform3D(1, 0, 0, 0, 1, 0, 0, 0, 1, 0, 1.03552, 0)
shape = SubResource("CylinderShape3D_wrgfb")

[node name="CameraJoint" type="Node3D" parent="." node_paths=PackedStringArray("mCharacterObject", "mMovementDirectionObject")]
transform = Transform3D(0.999913, -0.0131769, 0, 0.0131769, 0.999913, 0, 0, 0, 1, 0, 1.56961, 0)
script = ExtResource("1_h6mgi")
mLookSensitivity = 50.0
mLookClampMin = -44.0
mLookClampMax = 25.0
mCharacterObject = NodePath("..")
mMovementDirectionObject = NodePath("../MoveDirection")

[node name="SpringArm3D" type="SpringArm3D" parent="CameraJoint"]
transform = Transform3D(-3.96344e-08, 0.421717, -0.906728, 1.84338e-08, 0.906728, 0.421717, 1, 0, -4.37114e-08, 0, 0, 0)
shape = SubResource("SeparationRayShape3D_cqku2")
spring_length = 5.0

[node name="Camera3D" type="Camera3D" parent="CameraJoint/SpringArm3D"]
transform = Transform3D(1, 1.04237e-08, -1.26109e-09, -1.04237e-08, 0.971151, -0.238466, -1.261e-09, 0.238466, 0.971151, 0.698779, -0.191362, 5.59386)

[node name="MoveDirection" type="Node3D" parent="."]

[node name="CanvasLayer" type="CanvasLayer" parent="."]

[node name="Inventory" parent="CanvasLayer" instance=ExtResource("4_5fww8")]
visible = false

[editable path="Character"]
[editable path="Character/Animated"]
